04046
04041
04042
90313
07677
07676
07675
07670
06108
06109
06106
06107
06104
06105
06102
06103
06101
04474
04476
04619
09229
09226
04611
04612
04613
04614
04616
04617
06331
07999
04451
02120
02121
02122
02123
02124
02125
02126
02127
02128
02129
04979
04978
04975
04974
04976
04971
04970
04973
04972
01473
01472
01471
01470
01477
01475
01474
05201
02465
02464
02467
02466
02461
02460
02462
02468
16918
97472
06807
06804
06801
09588
06379
06378
06371
06370
06373
06372
06375
06374
06377
06376
64944
05778
05770
05772
05773
05774
05775
05776
05777
01068
01069
01060
01061
01062
01063
01066
08501
08502
08505
14664
04040
04429
04428
04422
04421
04420
04427
04426
04424
34043
02861
02863
02862
02865
02864
04237
09862
09642
04231
01888
01889
01886
01887
01885
01880
03905
03904
03907
03906
03901
03903
03902
03909
03908
05439
03837
94135
94136
03278
07740
07747
07746
07748
00919
00918
00913
00912
00911
00910
00917
00916
00915
00914
02212
02210
02211
02216
02217
02215
00792
05633
01749
01748
01745
01747
01746
01741
01740
01742
09534
09532
03581
03580
03583
03582
03585
03584
03586
03589
03588
02601
90398
07806
90397
04739
09227
56972
30911
01969
01966
01961
01960
08827
08825
08824
08829
08828
35299
08835
06469
06468
73197
73193
06461
06460
06467
75386
00703
00707
00704
00705
09709
09708
09701
09703
09702
09705
09704
09707
09706
06472
06470
06471
06474
05868
05866
05867
05860
05861
05862
05863
01151
01152
44999
30073
02382
07013
75363
75364
09143
09142
09140
01971
07890
02584
04294
04290
04291
04292
02638
02639
02635
02636
02637
02630
02631
02633
04745
03215
03217
03216
03218
07079
07078
07075
07074
07077
07076
07071
07070
07073
07072
06039
06032
06033
06030
06031
06037
06034
06035
33447
08666
08085
08084
08087
08086
08081
08080
08083
08089
08088
02902
02903
02901
02906
02907
02904
02905
02908
02018
02019
00940
03827
03824
03825
03822
03823
03820
03821
09840
09845
09848
00715
00782
00783
00780
00786
00784
00785
32290
09470
09780
09789
47490
07963
07962
07961
07960
30386
30389
91841
04538
64789
08232
08230
08231
08234
91399
55191
08904
08905
08906
08901
08902
08903
06508
06509
06502
06503
06501
06506
06507
06504
06505
09005
03082
09622
09623
09620
09621
09626
09627
09624
09625
04217
04210
04212
04219
01364
47864
01368
03298
03290
03293
04092
09063
04095
63196
06749
09352
09353
09350
09351
09356
09357
09354
09355
09358
09359
08009
08008
03057
08004
03055
08006
08001
03052
08003
08002
02090
02093
22047
05048
05049
05046
05047
05045
05042
05043
05040
05041
00636
00637
00631
00638
02779
02771
02770
02777
04027
09014
04024
09010
09013
04029
04028
20193
20199
07624
07626
07627
07620
07621
07628
06281
06280
06282
96944
96942
96941
04623
04622
04625
04624
04627
04626
04629
04628
08701
33651
35225
02119
02118
02111
02110
02113
02112
02115
02114
02117
02116
10048
10047
04543
07522
07189
07188
07182
07184
06854
06855
06856
06857
06850
06851
06852
06853
06858
06859
07457
07456
07452
07451
07450
07458
06320
02860
05741
05740
05743
05742
05745
05744
05747
05746
05748
01050
01053
01054
01057
01056
01059
06140
09602
04271
09604
04274
04275
03749
03748
03746
03745
03743
03741
03740
07848
07849
02838
02839
07844
02837
07846
07847
07840
07842
07843
01876
01879
56904
09594
09596
09590
09593
90612
09830
09837
09835
04776
04774
04773
04772
27220
02269
02266
01240
01242
01243
01244
01245
01247
09096
09090
09092
08328
08329
08324
08326
08327
08320
08321
08322
08323
08871
59773
46604
06176
98151
09252
09250
02191
02190
02196
02199
66077
04922
04923
04920
04921
04926
04927
04924
04925
04928
04929
01420
06437
06438
06439
00773
00772
00771
00777
00775
02345
00778
02349
09756
09757
04102
09752
09753
09750
04108
04109
09758
09759
05855
05857
05851
05850
05853
05859
05858
03452
03451
03450
03457
03456
03455
03458
07101
07103
07102
07105
07104
07107
07106
07109
07108
06424
06426
06420
06423
01430
75353
04478
04479
04472
04473
04475
94138
05460
05461
05462
05463
05464
05465
05466
05468
05469
08540
04733
04732
04730
04737
04736
04734
04738
04116
09741
04112
09742
07710
07711
07712
07715
07716
07717
07718
07719
22336
00949
93093
06043
06042
06041
06040
06045
05662
05663
05660
05661
05666
05667
05664
05665
05669
01718
01719
09549
09545
09543
04539
04535
04537
04530
08638
03084
03086
06906
06907
06904
06905
06902
06903
06901
01541
02025
02027
02026
02021
02020
05345
05344
05346
05341
05340
05343
05342
56902
56901
57056
09839
09838
01930
01931
01936
01937
01938
08870
08872
08873
08875
08876
08879
07699
07524
02344
02346
02347
02340
02341
02343
02348
08401
08403
08402
08405
08404
08406
85077
97272
97271
09110
09112
09114
08248
08243
08242
08241
08240
08247
08246
08245
08244
08933
85279
04228
04225
04224
04227
04226
04221
04220
04222
01086
01084
01085
01082
01083
01080
01081
01089
14683
02284
01338
01339
01337
01330
01331
03249
03243
03240
03241
03246
03247
03244
03245
09833
09832
09831
09836
09834
07022
07023
07020
07021
07026
07027
07024
07028
07029
07799
32454
06779
06778
06777
06776
06770
09328
09323
09322
09321
09320
09327
09324
37245
37247
37248
03819
03818
03579
03576
04858
04859
04856
04854
04855
04852
04853
04850
04851
01518
01519
01515
01516
01517
01510
03857
03856
03855
03854
03853
03852
03851
03850
03859
03858
02726
02724
02725
02722
02723
02720
02721
04078
04079
04070
83757
55177
06258
06259
06250
04468
06256
06254
06255
05501
01615
01614
01613
01612
01611
01610
09420
09421
04679
04676
04677
04674
04675
04672
04673
04671
02568
18522
07930
07931
07932
07933
07934
07935
07936
07938
07939
02144
02145
02142
02143
02140
02141
02148
02149
05262
05260
05261
03263
17008
06860
07405
07407
07401
07403
00830
00831
02575
02574
02573
02571
01008
01009
01007
01004
01005
01002
01003
01001
03765
40754
08528
08520
03766
08526
08527
08525
07875
07874
07877
07876
07871
07870
07879
07878
15266
15263
04223
01824
01826
01827
01821
01822
07737
33110
07734
01088
06110
94152
94150
08052
08053
08050
08051
08056
08057
08054
08055
08059
01590
03242
98450
00647
00646
00641
05039
05038
05037
05036
05035
05034
05033
05032
05031
05030
09599
04348
04349
04346
04347
04344
04345
04342
04343
04341
09049
09042
09046
09045
01270
08315
08314
08317
08316
08311
08310
08313
08312
08319
08318
45463
04069
09237
06126
06127
06120
06123
06128
06129
09004
09201
08362
35278
35279
35277
01965
07310
07311
04958
04953
04952
04951
04950
04957
04956
04955
04954
08823
08822
08821
08820
08826
05544
02447
02446
02445
73199
11248
11244
07480
07481
07801
02134
06357
06355
06354
06353
06351
06350
02138
04441
04443
04442
04444
04449
04448
02842
02841
02840
02477
05459
05458
05451
05450
05453
05452
05455
05454
05457
05456
02478
66279
07728
07721
07720
07723
07722
07724
07727
07726
00971
00970
00975
00977
00976
00979
00978
22092
22093
02238
02239
19640
09517
09510
09511
09513
01760
00950
96960
56950
01949
01940
01945
01944
08848
08840
08844
08846
07395
07399
06447
06444
06443
06442
06441
06440
00720
00721
00725
00727
00728
00729
02379
02375
02370
09499
09498
09494
09727
09726
01138
09724
09723
09722
09721
09720
01133
09729
09728
06601
06602
06605
06604
06607
06606
06608
00650
00652
00653
00656
09123
09126
09128
31120
05101
33195
02659
02652
02653
02650
02651
02657
02655
04760
04761
04763
04764
04765
04768
04769
01301
01302
03231
03230
03237
03235
03234
03238
38165
09075
09074
04088
01264
08302
07059
07058
07052
07051
07050
07057
07055
07054
06010
06011
06013
06016
06018
06019
04564
04565
04568
08648
08647
08646
08645
08641
08640
03038
03034
03037
03036
03031
03033
03032
02920
02921
02072
02070
02071
04074
04075
04076
04077
04071
04072
04073
01525
01524
01527
01526
01521
01520
01523
01522
01529
03809
03804
03805
03801
04047
04043
04049
04048
06385
09868
09865
79187
23825
06199
06226
04686
04685
04684
04683
04681
04680
07901
07902
14673
11044
11043
11041
04418
04419
04414
90888
62713
08218
08219
08210
08212
08213
08214
08215
08217
78798
06520
06521
06524
06525
07435
07436
07430
07432
07439
07438
00805
00804
00801
00803
00802
27322
27321
02814
02813
02818
09601
04270
09603
04276
09605
09606
09607
09608
09609
08553
08551
08550
08557
08556
08555
08554
08559
08558
06153
06152
06155
06154
06156
01380
09613
09611
09610
04496
04497
04495
04492
04493
04490
04491
02898
02894
02895
02896
02891
02892
02893
01815
01810
01813
01378
01379
03282
06722
06723
06720
06721
06726
06724
06725
04487
04481
06098
06090
06091
06092
06093
06094
06095
06096
09378
09379
91388
09370
09371
09372
09373
09374
09375
09376
09377
08029
08028
08023
08022
08021
08027
08026
08025
02836
02634
02835
02632
02832
02831
03884
03885
03886
03887
03882
03883
04740
04741
04746
04747
00614
00616
00617
00610
00611
00612
00613
05065
05067
05060
05061
05062
02283
05068
05069
09033
09031
09036
09034
09038
01226
01227
01224
01225
01222
01223
01220
01229
03574
03575
03570
96219
96217
96215
96212
06251
07642
07643
07640
07641
07646
07647
07644
07645
07648
07649
06119
06118
06115
06114
06117
06111
06112
04609
04607
04606
04605
08720
08721
08722
08723
08724
07981
07980
07983
02137
02136
02135
02133
02132
02131
02130
02139
04981
04982
04983
04984
04985
04986
04987
04988
04989
07511
01440
01441
04945
04949
04735
96400
91990
06832
06830
06831
06836
06838
05769
05768
05767
05766
05765
05764
05763
05762
05761
05760
01079
01077
01075
01074
01073
01072
01071
01070
04416
04417
04415
04412
04413
04410
04411
07828
07829
07822
07823
07820
07821
07826
07827
07825
06084
06083
06082
06081
02815
02816
02817
02812
01899
01890
05406
05407
05404
05405
05402
05403
05401
05408
02454
02455
02456
02453
04124
00928
00929
00926
00927
00924
00925
00922
00923
00920
00921
93382
93381
00694
00690
00692
00693
00698
02201
02203
02205
02204
02207
02206
04338
09524
04333
04332
04330
08695
08690
08691
08348
08349
08342
08343
08340
08341
08346
08347
08344
08345
06475
08016
08014
08015
08010
03047
09225
56965
08104
08105
08106
08107
08101
08102
08103
08108
08109
04901
04903
09303
08816
08817
08812
08810
08818
90845
35281
35280
35286
06418
06419
06414
06415
06416
06417
06410
06411
06412
06413
00719
00718
00716
09777
09771
05873
05872
05871
05875
05874
01144
03435
76299
17326
96939
66652
66653
06650
06384
06387
06389
02909
04336
09177
09175
09172
09173
05488
05489
05486
05487
05485
05482
05483
05481
04282
04281
04280
04287
04286
04285
04284
04289
04288
04758
04756
47741
09006
04032
04033
04034
09003
09001
07080
07081
07087
06029
06028
06021
06020
06023
06022
06025
06024
06027
06026
05648
05649
05640
05641
05647
01730
01731
08610
08611
08618
08619
01230
01238
02910
02912
02915
02914
02917
02916
02919
02918
03826
06928
06925
06926
06927
06920
06921
06922
03561
03836
03832
03839
03838
05363
05362
05361
05360
83733
83730
57079
43098
60663
09853
09852
09855
09859
09858
01910
01913
01915
08890
07543
07544
06494
06495
06497
06491
06492
06493
06498
00791
00795
00794
02322
02327
02324
02325
04485
04453
04456
02492
02493
02494
02495
18175
02576
18514
07950
75388
03103
02854
21268
08221
08220
08223
08225
08224
08226
06519
06518
06511
06510
06513
06512
06515
06514
06517
06516
05158
05159
05150
05151
05152
05153
05154
05155
05156
09631
09630
09633
09636
33148
60679
06422
01350
01351
01354
01355
03260
03261
03262
03264
07650
03268
03269
07653
09842
64185
07008
07009
07001
07002
07003
07004
07005
07006
07007
04785
06759
06758
06753
06752
06751
06750
06757
06756
06755
06754
03780
02558
09340
09343
09342
09344
09347
09346
09348
03062
03063
03060
03061
03064
71844
07845
01570
01571
05059
05058
05055
05054
05056
05051
05050
05053
05052
00624
00627
00623
00622
85777
04011
04014
04015
04637
07632
07630
02801
74194
06277
06278
06279
04654
04655
04657
04650
04652
04653
04658
00544
02169
02163
11099
87165
10557
10558
06842
06840
55161
07462
07463
07460
07461
07465
00850
00851
00714
00717
06335
06334
06336
06330
06333
06332
06339
06338
05734
05735
05736
05737
05730
05731
05732
05733
05738
05739
01026
01027
01020
01021
01022
01028
01029
03773
03770
03771
08504
03777
03774
03779
07853
07852
07851
07850
02829
02828
07855
02825
02824
02827
02826
02823
02822
15288
15285
30387
01842
01843
01840
01841
01844
01845
48559
94175
08078
08079
08070
08071
08072
08073
08074
08075
08076
08077
94155
02780
02783
04364
04360
04363
01784
01257
01256
01255
01254
01253
01252
01259
01258
09060
04093
04090
04091
04096
04097
04094
09067
09068
09069
04098
08332
08330
08543
07732
07730
07735
04541
06142
06143
06141
06146
06147
06144
06145
09312
09311
32267
09262
09263
09261
09266
09267
09264
09265
03307
03305
03304
03303
03302
03301
09880
09888
37237
04930
04933
04932
04935
04937
04936
04939
04938
01436
01434
01432
01431
01438
05601
00744
00745
00742
00740
00741
02421
02420
09745
09744
09747
09746
09740
09743
04110
09749
09748
03466
03467
03464
03465
03462
03461
03468
03469
98455
07175
09387
09381
09382
03601
03604
03608
03609
02052
02056
09186
09185
09183
09182
09180
04469
04467
04464
04463
04462
04461
04460
09591
34009
34001
03110
03111
05477
05476
05474
05473
05472
05471
05470
05479
05478
06386
06380
06382
06383
06388
07704
07703
07702
07701
07709
00959
00958
00957
00956
00955
00954
00953
00952
00951
92710
06076
06077
06074
06075
06072
06073
06070
06071
06078
06079
05671
05670
05673
05672
05675
05674
05677
05676
05679
05678
01701
01703
01702
01705
01704
09573
09570
09576
09577
09574
09575
09578
09579
09396
09397
09394
09393
09390
09391
09399
08629
08628
08625
08620
02940
44178
36621
06914
06911
06910
06913
06912
04062
04066
96547
56933
09808
09809
09806
09807
09804
09805
09802
09803
09801
01921
01923
01922
01929
08867
08865
08863
08862
08861
08869
08868
07514
07512
07513
07510
02359
02358
02351
02350
02357
02356
02355
05820
05821
05822
05823
05824
05825
05826
05827
05828
05829
01111
09843
01115
01116
01118
01119
09841
09846
09844
35289
11025
03755
09107
09104
09103
09102
09100
08270
02806
02804
06540
06085
85289
05161
02670
02671
02672
02673
02675
04786
04787
04783
04780
04781
01095
01094
01097
01096
01090
01093
01092
01098
03782
03781
03785
03784
04216
04211
03259
03258
03251
03253
03252
03255
03254
03257
03256
38142
01367
01366
21098
01360
56920
03299
07031
07030
07033
07032
07035
07034
07036
07039
03291
55468
06781
06782
06783
06784
06785
06786
06787
24961
04548
04549
09318
09319
09316
09317
09314
09315
04544
09313
09310
04547
99165
09819
09814
09813
02050
02051
02053
02054
02055
02059
04849
04848
04847
04846
04841
04843
01503
01501
01507
01506
01505
01504
01509
01508
04751
05088
05089
05083
05081
05086
05084
05085
03868
03869
04757
03862
03860
03861
03866
03867
03864
03865
02739
02738
36622
04063
04061
04064
04068
91799
91798
21686
21687
21684
21685
21682
21683
21681
21688
06456
06459
06249
06248
06241
06243
06242
06245
06244
06247
06246
01199
01195
04669
04668
04664
04667
04666
04660
04662
08742
08740
08741
07927
07926
07924
07922
07921
07920
07928
07507
07501
02155
02156
02151
02150
02153
02152
85313
04359
04358
06890
06896
06897
22234
04357
07410
07417
07416
07419
07418
00823
00822
00821
00820
00824
02542
02543
02540
02541
75396
05701
05702
01014
01011
01010
01013
01012
04258
04259
04250
04252
04253
04256
04257
08530
08533
08535
08534
08536
39235
19889
19887
01833
01832
01831
01830
01835
01834
46620
06708
06701
06702
06703
06704
06705
06706
07082
07083
07086
07088
64447
90659
08041
08043
08042
08045
08046
08049
08048
04750
01588
01583
01582
01581
01580
01586
01585
98460
00988
00984
00985
00986
00987
00981
00982
00983
00678
00670
00676
00677
05001
05009
09587
09586
04355
04354
09589
04351
04350
04353
04352
09059
09058
09053
09055
09056
01201
01202
01203
21606
68181
07663
07666
08005
08007
03054
03053
03051
06138
06133
06132
06137
03431
09213
09212
09211
09214
37990
35263
07303
07302
07307
07306
07304
07309
07308
04969
04966
04967
04964
04965
04962
04963
04961
73451
73454
01468
01469
01464
01467
01460
01462
01463
96799
00685
06810
06811
06812
06813
06814
06816
06817
07495
02703
02911
01546
06360
01545
06365
01543
01542
01540
04434
04435
04430
04431
04438
27854
07857
07856
34071
34079
02872
07802
02871
02878
03911
64194
09011
04022
09012
07758
07756
07757
07750
07751
07752
07753
00906
00907
00901
00902
00908
00909
02228
02222
05620
01756
01757
01754
01752
09509
09508
09503
09502
09501
09507
09506
09505
09504
70883
08360
03593
03590
03597
03595
03598
03835
06359
03830
03833
56945
56944
01970
08834
08836
08837
08830
08831
08832
08833
06478
06479
06473
22120
06477
00737
00736
00735
00734
00733
00732
00731
00730
00739
00738
02381
09718
09719
09713
09710
09711
09716
09717
09714
09715
05819
01129
01128
96536
66637
06673
57195
04254
04255
09154
07880
07881
07882
07885
02649
02648
02641
02643
02642
02645
02644
02647
02646
04777
04775
04779
43265
43196
43198
02662
02669
07068
07069
07066
07067
07064
07065
07062
07063
07060
07061
06006
06002
06001
04571
04570
04573
04572
04575
04574
04576
04579
04578
08096
08097
08094
08095
08092
08093
08090
08091
08098
08099
02061
02060
02062
02065
02067
02066
08899
03224
03813
03812
03811
03810
03817
03816
03815
03814
05301
05303
05302
05304
27480
09876
09875
09874
09873
09872
09871
09870
02301
02302
02303
02304
02305
09464
09461
09463
01653
09468
09469
01655
01654
09790
09798
06088
07978
07979
07974
07976
07977
07970
30399
09447
08205
08204
08203
08202
08201
78788
78786
06537
06536
06535
06534
06533
06532
06531
06530
06538
52538
02539
02538
02532
02537
02536
02535
02534
04261
04260
04263
04262
04265
09612
04267
04266
04268
09619
09618
08562
08560
08561
01370
01373
01375
01376
47856
03289
03287
03284
03285
03280
03281
38110
04489
04488
02883
02882
02881
02880
02887
02886
02885
02889
02888
16554
06089
06087
06080
97372
04101
09369
09368
09367
09366
09365
09364
09363
09362
09361
09360
03048
03049
08018
08019
03040
03041
03042
03043
03044
03045
03046
08011
04103
04104
04106
04107
01550
05079
05073
05072
05071
05070
05077
05076
05075
05074
03890
03897
03896
03894
04021
04020
00603
00602
00601
00606
00605
00604
36690
02768
02769
02762
02763
02760
02761
02766
02767
02764
09007
09002
04038
09008
09009
01235
01237
01236
96221
60570
07652
07657
07656
04742
04743
09308
09304
09307
09306
09301
04744
04630
04631
04634
04635
08739
08738
08736
08735
08734
08733
08732
08731
08730
35230
02108
02109
04992
01451
01450
01453
01452
90102
07198
07199
07192
07193
07191
07194
07195
06820
06825
06824
06829
06828
07440
07442
07444
07446
98667
27395
02047
02045
05753
05750
05751
05757
05758
05759
01040
01041
00674
14645
09582
09581
04408
04406
04401
04402
03750
03751
03752
03753
03754
03756
07839
07838
02809
02808
07831
02802
07833
07832
02807
07834
07837
07836
01860
01862
01863
01864
01865
01866
01867
09051
09054
16215
08988
08989
28674
07765
07764
07760
07763
07762
00939
00935
00934
00937
00936
00931
00930
00933
00688
00683
00682
00681
00680
00687
09088
09089
09086
09080
09081
08350
08353
08352
19483
04051
20107
06160
06161
06167
09244
09245
08110
02180
02186
02187
02184
02185
02188
02189
04918
04917
04915
04912
04911
04910
32893
32890
32898
01985
01984
01983
01982
08805
08804
08807
08801
08803
08802
08809
08808
06403
06401
06405
06404
06409
06408
00769
00765
00766
00767
09762
09769
71208
05846
05847
05845
05842
05843
05840
05841
05848
05849
03448
03449
03444
03445
03446
03447
03440
03441
03442
03443
08012
07112
07110
07111
07114
66642
06390
09169
09165
09166
07660
07661
07662
02833
02830
05495
05494
05491
05490
05492
76545
06131
06134
03266
07097
07096
07095
07094
07093
07092
07091
07090
07099
22321
06058
06059
06057
06050
06051
06052
06053
05658
05657
05656
05655
05654
05653
05652
05651
05650
01721
01720
09550
09554
09556
09557
08609
08608
08603
08602
08601
08607
08606
08605
08604
02035
02032
02030
02031
02038
09617
05356
05357
05354
05355
05352
05353
05350
05351
05358
05359
83727
83721
76546
11595
11592
56915
09824
09825
09826
09827
09820
09821
09822
09823
09828
09829
01908
01907
01906
01905
01904
01903
01902
01901
08889
08888
08885
08884
08887
08886
08880
08882
06489
06488
06483
06482
06481
06480
06487
06484
07538
27156
27151
02331
02330
02333
02332
02334
02337
02339
02338
02482
02481
09459
09454
09456
07946
07940
91191
00723
00726
08755
07305
09496
08250
08251
08252
08922
05149
05148
05146
05144
05143
05142
05141
09648
09649
04238
04239
09644
09645
04234
09647
04230
09643
01349
01341
01340
01343
01342
01344
01347
01346
03276
03275
03274
03273
03272
03279
01139
07019
07018
07017
07016
07015
07014
07012
07011
07010
94106
06762
06763
02476
02474
02475
02472
02471
09334
09336
09337
09330
09331
09332
09333
02479
09338
09339
03071
03070
03073
03077
03076
03079
04863
04862
04861
04860
04865
04864
01569
01568
01561
01560
01562
01564
01566
03840
03841
03842
03843
03844
03845
03846
03847
03848
03849
02713
02712
02717
02715
02714
02719
02718
04009
04008
04001
04003
04002
04005
04004
04007
04006
04236
07608
07606
07607
07604
07605
07602
07603
07601
04030
74189
74184
74183
06267
06266
06265
06264
06263
06262
06260
06269
06268
01608
01609
01601
01602
01603
01604
01605
01606
01607
04037
04039
04649
04648
04643
04642
04640
04646
04645
04644
02171
02170
02176
05253
05252
05251
05250
05257
05255
05254
02081
06878
06879
06876
06877
06875
06870
07470
07474
07477
22218
00841
00840
02561
02562
02563
02564
02565
02879
01039
01038
01033
01032
01031
01030
01037
01036
01035
01034
08515
08514
08512
08511
08510
03769
03768
08518
07866
07865
07863
07860
07869
15273
09099
09095
09094
01851
01850
01853
01852
01854
96634
02702
08069
08068
08067
08066
08065
08064
08063
08062
08061
08060
04019
04013
04010
04016
04017
04471
00659
02241
91131
02791
02790
05680
05681
05682
09076
04083
04082
04085
04084
04087
04086
01262
01263
01260
01266
01267
09079
07830
06151
06150
09890
09892
09898
04944
04947
04940
04941
04942
04943
35245
35240
00754
00757
00751
02458
02459
02457
02451
02452
04122
04123
03470
02553
02559
11254
11255
17091
66692
06699
06340
06349
02873
07803
02876
02877
02874
02875
04450
04457
04454
04455
04459
34010
03109
03108
03105
03104
03107
03106
03101
03102
02858
02859
01812
02852
02857
31191
31197
31199
31198
08020
05448
05449
05442
05443
05440
05441
05446
05447
05444
05445
07631
04762
04766
07738
07739
07733
07731
00962
00963
00960
00961
00966
00965
00968
00969
06065
06064
06067
06066
06061
06060
06063
06062
06069
06068
05604
05602
05603
05609
01775
01776
01770
01772
01773
01778
09565
09564
09567
09566
09569
09568
09384
09386
09380
09383
09389
09388
03602
03603
03607
03605
01808
03910
03233
44189
44185
02043
60597
09818
09815
09817
09816
09811
09810
01950
01951
01952
07533
08858
08859
08852
08853
08850
08857
08854
08855
06450
06451
06454
06455
06457
07505
07504
07506
07503
07502
07509
07508
02368
02366
02367
02364
02362
02360
02361
05837
05836
05833
05832
05830
05839
05838
01107
01106
01105
01104
01103
01102
01101
01109
01108
09730
09731
09732
09733
09734
09735
09736
09737
09738
09739
96970
06612
06610
06611
06614
06615
60125
09131
09136
09137
09138
09139
08260
07208
07202
07203
07201
07206
07207
07204
07205
03087
02667
02666
02664
02663
02661
02660
02668
03229
03225
03226
03227
03220
03221
03222
03223
07945
09754
09755
04105
09751
07044
07045
07046
07047
07040
07041
07042
07043
06796
06795
06794
06793
06792
06791
06790
06798
09309
04558
09305
04556
04555
04554
04553
09300
04551
09302
08650
02044
02041
02040
02048
01536
01537
01534
01535
01532
01531
01538
05091
03878
03871
03870
03873
03872
03875
03874
04056
04057
04054
04055
04050
07754
07755
04562
04563
22184
06183
06180
06238
06239
06234
06235
06237
06230
06231
06232
06233
09402
09403
09409
09812
04691
04693
04694
08759
08758
08754
08757
08756
08751
08750
08753
08752
10015
81075
06883
06881
06880
06889
06888
22229
22223
07424
07422
07423
07420
07421
07428
02552
02554
02557
02556
33107
00664
00667
04243
04241
04240
08544
08541
08542
03592
08361
16532
16533
02741
01806
01807
01805
01803
01801
06716
06712
06710
97313
96943
96835
08034
08035
08036
08037
08030
08031
08032
08033
08038
08039
03802
03803
98477
91497
00669
00660
00662
02298
96940
02293
02297
02295
02740
02742
02743
02744
02745
02746
02747
02748
09028
09020
09021
05903
05902
05901
05907
05906
05905
05904
